{
 "frames": [
  {
   "file_path": "PXL_20210225_132226757",
   "transform_matrix": [
    [
     0.9878317271971081,
     -0.12015792431133114,
     0.09874488324956739,
     0.764880039078769
    ],
    [
     -0.15510068619180972,
     -0.8080455657553642,
     0.5683362920014198,
     4.361388418059945
    ],
    [
     0.011500255893154857,
     -0.5767360201065006,
     -0.8168496233861567,
     0.3335104245972173
    ],
    [
     0.0,
     0.0,
     0.0,
     1.0
    ]
   ]
  },
  {
   "file_path": "PXL_20210225_132233499",
   "transform_matrix": [
    [
     0.9971533202320583,
     0.0409615024262145,
     -0.0633041173160903,
     -0.13188209339335372
    ],
    [
     0.06871054948479748,
     -0.8393786291632502,
     0.5391867740343044,
     3.89505906559649
    ],
    [
     -0.031050222860380533,
     -0.5420015426389578,
     -0.8398036743413966,
     0.2541716042155895
    ],
    [
     0.0,
     0.0,
     0.0,
     1.0
    ]
   ]
  },
  {
   "file_path": "PXL_20210225_132239369",
   "transform_matrix": [
    [
     0.95390581748064,
     0.17297008207205972,
     -0.24524486148455157,
     -0.903967182392415
    ],
    [
     0.2766704346986199,
     -0.8234486199113331,
     0.49536435169458615,
     3.531055634696756
    ],
    [
     -0.11626333016161476,
     -0.5403829392885251,
     -0.8333481367265577,
     0.39031604671325265
    ],
    [
     0.0,
     0.0,
     0.0,
     1.0
    ]
   ]
  },
  {
   "file_path": "PXL_20210225_132244384",
   "transform_matrix": [
    [
     0.8703053305575467,
     0.2884556989924083,
     -0.3992016299088977,
     -1.6530910530311584
    ],
    [
     0.4544826487722293,
     -0.7826793370543724,
     0.42527470805716455,
     3.207460578358644
    ],
    [
     -0.18977395387169904,
     -0.5515490595286417,
     -0.812268109287182,
     0.48049185490484136
    ],
    [
     0.0,
     0.0,
     0.0,
     1.0
    ]
   ]
  },
  {
   "file_path": "PXL_20210225_132250975",
   "transform_matrix": [
    [
     0.7067136857812489,
     0.4114203070931916,
     -0.5755771861712606,
     -2.283631723596971
    ],
    [
     0.6608461207904095,
     -0.6743939754546397,
     0.32935568995654857,
     2.417238181336538
    ],
    [
     -0.2526621676582185,
     -0.6131281242789558,
     -0.7484889660191522,
     0.9168929202934514
    ],
    [
     0.0,
     0.0,
     0.0,
     1.0
    ]
   ]
  },
  {
   "file_path": "PXL_20210225_132257296",
   "transform_matrix": [
    [
     0.5762365225495191,
     0.5060548349316268,
     -0.6417631760411012,
     -2.8056310062402208
    ],
    [
     0.7764540093811035,
     -0.5840643983301843,
     0.23661772951156676,
     1.9837190605446429
    ],
    [
     -0.2550894772350415,
     -0.6346473687375718,
     -0.7294875433881168,
     0.9009730847339541
    ],
    [
     0.0,
     0.0,
     0.0,
     1.0
    ]
   ]
  },
  {
   "file_path": "PXL_20210225_132302839",
   "transform_matrix": [
    [
     0.30960749023748885,
     0.5837243623349607,
     -0.75060580253918,
     -3.2978810863475627
    ],
    [
     0.8963607943184779,
     -0.44258904932531246,
     0.025539377949813646,
     1.0812668104738234
    ],
    [
     -0.31730195145569223,
     -0.6807207960933466,
     -0.6602565178538187,
     1.2169084282354259
    ],
    [
     0.0,
     0.0,
     0.0,
     1.0
    ]
   ]
  },
  {
   "file_path": "PXL_20210225_132308810",
   "transform_matrix": [
    [
     0.06514469501649854,
     0.5990145976597171,
     -0.7980837553175572,
     -3.5566175009242054
    ],
    [
     0.9417668761020543,
     -0.30131351456084676,
     -0.14928267488214492,
     0.29179684295539643
    ],
    [
     -0.32989592266074647,
     -0.7418838707867677,
     -0.5837610833879364,
     1.3645398162405495
    ],
    [
     0.0,
     0.0,
     0.0,
     1.0
    ]
   ]
  },
  {
   "file_path": "PXL_20210225_132316293",
   "transform_matrix": [
    [
     -0.2031648408381618,
     0.584318694252501,
     -0.785681685540815,
     -3.465067032028192
    ],
    [
     0.9249651937761938,
     -0.14868533880309465,
     -0.34976000389921214,
     -0.5920664557394189
    ],
    [
     -0.32119065638615996,
     -0.7977871480364048,
     -0.5102668210634186,
     1.6278627846937008
    ],
    [
     0.0,
     0.0,
     0.0,
     1.0
    ]
   ]
  },
  {
   "file_path": "PXL_20210225_132322481",
   "transform_matrix": [
    [
     -0.4449152377472479,
     0.5181748969805423,
     -0.7304417891656486,
     -3.104587675627551
    ],
    [
     0.8493711856776911,
     -0.014438686770950624,
     -0.5275984394070962,
     -1.3695734689368593
    ],
    [
     -0.2839348871850424,
     -0.8551527936360465,
     -0.43369883487932337,
     2.0535378830747164
    ],
    [
     0.0,
     0.0,
     0.0,
     1.0
    ]
   ]
  },
  {
   "file_path": "PXL_20210225_132331363",
   "transform_matrix": [
    [
     -0.6410219750672774,
     0.4563616400312758,
     -0.6171101044293553,
     -2.7169464815269286
    ],
    [
     0.7234407887687109,
     0.09069379368042496,
     -0.6844034343379328,
     -2.352141458650554
    ],
    [
     -0.2563674172482751,
     -0.8851602619276443,
     -0.38828733957937966,
     2.4167073080806616
    ],
    [
     0.0,
     0.0,
     0.0,
     1.0
    ]
   ]
  },
  {
   "file_path": "PXL_20210225_132339441",
   "transform_matrix": [
    [
     -0.8704681851917921,
     0.2956390603868262,
     -0.39355137471809437,
     -1.6245125057812273
    ],
    [
     0.466517751480656,
     0.24050800248658724,
     -0.8511856955408403,
     -3.0122680934867847
    ],
    [
     -0.15699148423510187,
     -0.9245287700842554,
     -0.347275434150119,
     2.5588584258610565
    ],
    [
     0.0,
     0.0,
     0.0,
     1.0
    ]
   ]
  },
  {
   "file_path": "PXL_20210225_132347070",
   "transform_matrix": [
    [
     -0.9688502047182428,
     0.15425779025016784,
     -0.1937364574997549,
     -0.5749407605242987
    ],
    [
     0.2331596817405157,
     0.30453286430333815,
     -0.9235238477537361,
     -3.068543246099893
    ],
    [
     -0.0834616296754415,
     -0.9399277997305643,
     -0.3310134252044462,
     2.5132859460527186
    ],
    [
     0.0,
     0.0,
     0.0,
     1.0
    ]
   ]
  },
  {
   "file_path": "PXL_20210225_132356398",
   "transform_matrix": [
    [
     -0.9991154521852513,
     -0.03401478161451052,
     0.024724640267902748,
     0.4859797776462981
    ],
    [
     -0.03374870957798222,
     0.29784443831171814,
     -0.9540176702601464,
     -2.923022853824899
    ],
    [
     0.025086606117230206,
     -0.954008220718508,
     -0.29872893565074177,
     2.8174804424649382
    ],
    [
     0.0,
     0.0,
     0.0,
     1.0
    ]
   ]
  },
  {
   "file_path": "PXL_20210225_132404775",
   "transform_matrix": [
    [
     -0.9509371518934294,
     -0.2032180278866433,
     0.2332830175788113,
     1.484563069352365
    ],
    [
     -0.2919095271644269,
     0.33951663097718326,
     -0.8941573045278687,
     -3.1281864228891094
    ],
    [
     0.1025054198540412,
     -0.9183849358693588,
     -0.3821802565135726,
     2.6231792943306793
    ],
    [
     0.0,
     0.0,
     0.0,
     1.0
    ]
   ]
  },
  {
   "file_path": "PXL_20210225_132413143",
   "transform_matrix": [
    [
     -0.8458510895153727,
     -0.3491955507454971,
     0.403234921237242,
     2.4974596405630964
    ],
    [
     -0.5091426751304379,
     0.30306706110144666,
     -0.8055582491889415,
     -2.7392772411454582
    ],
    [
     0.15909013397026647,
     -0.8866864292493035,
     -0.43413996067909044,
     2.3753210903838977
    ],
    [
     0.0,
     0.0,
     0.0,
     1.0
    ]
   ]
  },
  {
   "file_path": "PXL_20210225_132420778",
   "transform_matrix": [
    [
     -0.6753106704080618,
     -0.4498946872128519,
     0.5844230221771427,
     3.2823308435191745
    ],
    [
     -0.7076165346197297,
     0.17183172674022923,
     -0.6853850725090506,
     -1.9505277139091568
    ],
    [
     0.20792868576937543,
     -0.876395246508744,
     -0.4343927180917041,
     2.115308944180109
    ],
    [
     0.0,
     0.0,
     0.0,
     1.0
    ]
   ]
  },
  {
   "file_path": "PXL_20210225_132427462",
   "transform_matrix": [
    [
     -0.45772295432741045,
     -0.59615417843966,
     0.6596134418056695,
     3.709410576265112
    ],
    [
     -0.8327415869813664,
     0.02753312625686485,
     -0.5529768315854465,
     -1.1718548096953296
    ],
    [
     0.31149822855602755,
     -0.8023977333513957,
     -0.5090449205315768,
     1.7854024272246325
    ],
    [
     0.0,
     0.0,
     0.0,
     1.0
    ]
   ]
  },
  {
   "file_path": "PXL_20210225_132433825",
   "transform_matrix": [
    [
     -0.2520901125844496,
     -0.6290887946837181,
     0.735321605517304,
     3.895376595930952
    ],
    [
     -0.9222146378182041,
     -0.07405689386030921,
     -0.37952040559843614,
     -0.29565682996063986
    ],
    [
     0.2932076686087831,
     -0.7737976898874466,
     -0.561485884233836,
     1.5274202971193764
    ],
    [
     0.0,
     0.0,
     0.0,
     1.0
    ]
   ]
  },
  {
   "file_path": "PXL_20210225_132440774",
   "transform_matrix": [
    [
     0.04318103973752584,
     -0.6458518699945802,
     0.7622406180673459,
     3.851095351286236
    ],
    [
     -0.9463752085227444,
     -0.2709454566621732,
     -0.1759617123344113,
     0.5780781799236093
    ],
    [
     0.320170833307342,
     -0.7137674141753949,
     -0.6229179046717571,
     1.252396646962182
    ],
    [
     0.0,
     0.0,
     0.0,
     1.0
    ]
   ]
  },
  {
   "file_path": "PXL_20210225_132446659",
   "transform_matrix": [
    [
     0.423850926290857,
     -0.5944626151900629,
     0.6833480748665156,
     3.394136692514504
    ],
    [
     -0.8673379530906563,
     -0.48373415228500183,
     0.11715863195522866,
     1.7481384478071742
    ],
    [
     0.2609123749669465,
     -0.6423515151803577,
     -0.7206311563723886,
     0.9306412254649804
    ],
    [
     0.0,
     0.0,
     0.0,
     1.0
    ]
   ]
  },
  {
   "file_path": "PXL_20210225_132453492",
   "transform_matrix": [
    [
     0.6003639689481781,
     -0.46614251373969595,
     0.6498263319327928,
     3.2860692252023505
    ],
    [
     -0.7564991307178861,
     -0.5945540950119205,
     0.2724233714783644,
     2.5925151963227004
    ],
    [
     0.25936879151484954,
     -0.6551462317597452,
     -0.7095852626704792,
     0.39528472989684443
    ],
    [
     0.0,
     0.0,
     0.0,
     1.0
    ]
   ]
  },
  {
   "file_path": "PXL_20210225_132459638",
   "transform_matrix": [
    [
     0.7996859858906528,
     -0.3957334232779207,
     0.4515499769359234,
     2.321305305079912
    ],
    [
     -0.5793178978909749,
     -0.706169876963803,
     0.40708092322302375,
     3.0494498414949303
    ],
    [
     0.15777546435766546,
     -0.5871278928561182,
     -0.7939696091646441,
     0.547153797734582
    ],
    [
     0.0,
     0.0,
     0.0,
     1.0
    ]
   ]
  },
  {
   "file_path": "PXL_20210225_132506499",
   "transform_matrix": [
    [
     0.9257735224943228,
     -0.2505194414574733,
     0.28316672562342,
     1.5498875861949364
    ],
    [
     -0.3665622458468472,
     -0.7781896133057794,
     0.5099539642582623,
     3.5112392183466032
    ],
    [
     0.0926040224189487,
     -0.5759001086949342,
     -0.8122583085675354,
     0.4422403796661733
    ],
    [
     0.0,
     0.0,
     0.0,
     1.0
    ]
   ]
  },
  {
   "file_path": "PXL_20210225_132512904",
   "transform_matrix": [
    [
     0.9715652341226266,
     -0.154143149187414,
     0.1797244707958061,
     0.9159376923473767
    ],
    [
     -0.23020750480880722,
     -0.7924708093983329,
     0.5647959994380751,
     3.7740650748450864
    ],
    [
     0.05536696283840172,
     -0.590110079400562,
     -0.8054219972262449,
     0.36016352271486274
    ],
    [
     0.0,
     0.0,
     0.0,
     1.0
    ]
   ]
  },
  {
   "file_path": "PXL_20210225_132528486",
   "transform_matrix": [
    [
     0.9796081927802041,
     -0.15296050597635005,
     0.13027230039176135,
     1.0035578700420078
    ],
    [
     -0.19455915818251224,
     -0.8840096909291497,
     0.42505717299048285,
     3.5605142479351763
    ],
    [
     0.05014501575644905,
     -0.44173515816018993,
     -0.8957430030092209,
     -0.5423261354116423
    ],
    [
     0.0,
     0.0,
     0.0,
     1.0
    ]
   ]
  },
  {
   "file_path": "PXL_20210225_132532556",
   "transform_matrix": [
    [
     0.9999322992560118,
     -0.0116290911924627,
     0.00040142573790452607,
     0.09452762371182412
    ],
    [
     -0.010648851451162651,
     -0.9006503954748039,
     0.4344139351975836,
     3.5951992401940367
    ],
    [
     -0.004690295018091804,
     -0.43438879977402345,
     -0.9007132572375776,
     -0.580066475137423
    ],
    [
     0.0,
     0.0,
     0.0,
     1.0
    ]
   ]
  },
  {
   "file_path": "PXL_20210225_132538439",
   "transform_matrix": [
    [
     0.9646537061358809,
     0.18763122173345953,
     -0.18503446130145315,
     -0.9970391805342451
    ],
    [
     0.25100135229779663,
     -0.8680725696836038,
     0.42830869114177683,
     3.4066573451644677
    ],
    [
     -0.08025925730398321,
     -0.4596134662884824,
     -0.8844851119285722,
     -0.4312059321419851
    ],
    [
     0.0,
     0.0,
     0.0,
     1.0
    ]
   ]
  },
  {
   "file_path": "PXL_20210225_132542756",
   "transform_matrix": [
    [
     0.8294868710422795,
     0.38980217348224994,
     -0.40000724533063475,
     -1.8510218326030006
    ],
    [
     0.5274440125556634,
     -0.7822762600036857,
     0.3314312397071632,
     2.865507218469212
    ],
    [
     -0.18372355425385686,
     -0.48589928851888614,
     -0.8544867096855105,
     -0.28431477602703426
    ],
    [
     0.0,
     0.0,
     0.0,
     1.0
    ]
   ]
  },
  {
   "file_path": "PXL_20210225_132546897",
   "transform_matrix": [
    [
     0.6198197156651768,
     0.5257704209388467,
     -0.5825710124427126,
     -2.9018797173916875
    ],
    [
     0.7346490189265871,
     -0.6497544022821585,
     0.19521791850431763,
     2.0345137890978298
    ],
    [
     -0.275888272789806,
     -0.548985137486201,
     -0.7889873127980667,
     -0.024203731416094075
    ],
    [
     0.0,
     0.0,
     0.0,
     1.0
    ]
   ]
  },
  {
   "file_path": "PXL_20210225_132550698",
   "transform_matrix": [
    [
     0.36189803644388135,
     0.6373259797065717,
     -0.6803274261773675,
     -3.3063675028318347
    ],
    [
     0.8804923539547027,
     -0.4734064184652346,
     0.024891315417744305,
     1.2446901458107786
    ],
    [
     -0.3062074882254996,
     -0.6080312151090418,
     -0.7324855053908255,
     0.29134678224868926
    ],
    [
     0.0,
     0.0,
     0.0,
     1.0
    ]
   ]
  },
  {
   "file_path": "PXL_20210225_132555080",
   "transform_matrix": [
    [
     0.13607294638639722,
     0.6812684032384569,
     -0.7192756884607238,
     -3.7580783526323116
    ],
    [
     0.9400496495945498,
     -0.31796043224069964,
     -0.12331998956564745,
     0.3244765118734701
    ],
    [
     -0.3127152211819703,
     -0.6593743445708444,
     -0.6836919365934343,
     0.5234250553774487
    ],
    [
     0.0,
     0.0,
     0.0,
     1.0
    ]
   ]
  },
  {
   "file_path": "PXL_20210225_132559947",
   "transform_matrix": [
    [
     -0.1631084912965501,
     0.6564060916440065,
     -0.7365640928796373,
     -3.8391603799123395
    ],
    [
     0.9420452969889979,
     -0.11822022986927978,
     -0.31396597852405167,
     -1.0423676929924872
    ],
    [
     -0.29316595724584704,
     -0.7450872567037328,
     -0.5990815482134562,
     0.8474471278192801
    ],
    [
     0.0,
     0.0,
     0.0,
     1.0
    ]
   ]
  },
  {
   "file_path": "PXL_20210225_132604039",
   "transform_matrix": [
    [
     -0.5029184741610985,
     0.568797949873627,
     -0.6508009684742573,
     -3.130732300729002
    ],
    [
     0.8265188910547104,
     0.09620196707959797,
     -0.5546275365141076,
     -2.1653350712363313
    ],
    [
     -0.2528626723681536,
     -0.8168317291520786,
     -0.5185039972587107,
     1.1769510064983624
    ],
    [
     0.0,
     0.0,
     0.0,
     1.0
    ]
   ]
  },
  {
   "file_path": "PXL_20210225_132608030",
   "transform_matrix": [
    [
     -0.7106106052278804,
     0.4710927924737471,
     -0.5225936744899928,
     -2.371117860093945
    ],
    [
     0.6732182930887844,
     0.23940245658759868,
     -0.6996167476772167,
     -3.12159718970275
    ],
    [
     -0.20447419785461676,
     -0.8489747020136171,
     -0.48727021020435995,
     1.491128855093945
    ],
    [
     0.0,
     0.0,
     0.0,
     1.0
    ]
   ]
  },
  {
   "file_path": "PXL_20210225_132611342",
   "transform_matrix": [
    [
     -0.8745583949073085,
     0.330129882896777,
     -0.35519272841052396,
     -1.511469334091546
    ],
    [
     0.46320091186648876,
     0.35196561380274294,
     -0.8133665360380347,
     -3.8425724227481965
    ],
    [
     -0.1435009726211125,
     -0.875862127916842,
     -0.4607309450620569,
     1.7239858882332795
    ],
    [
     0.0,
     0.0,
     0.0,
     1.0
    ]
   ]
  },
  {
   "file_path": "PXL_20210225_132615186",
   "transform_matrix": [
    [
     -0.9830270488641157,
     0.11133456413126884,
     -0.14581644636736643,
     -0.23671508048778228
    ],
    [
     0.1800773526703308,
     0.4336178245957735,
     -0.8829200016128719,
     -4.111278300474431
    ],
    [
     -0.03507090327824453,
     -0.8941924832062328,
     -0.4463068840167256,
     1.776797955312358
    ],
    [
     0.0,
     0.0,
     0.0,
     1.0
    ]
   ]
  },
  {
   "file_path": "PXL_20210225_132618746",
   "transform_matrix": [
    [
     -0.9920448887096021,
     -0.10917126070181367,
     0.06267834252697735,
     1.0183551053291149
    ],
    [
     -0.10667241108909666,
     0.4646534888978919,
     -0.8790438737443399,
     -3.941833601246008
    ],
    [
     0.06684261737537837,
     -0.8787370318199824,
     -0.47260268028293684,
     1.7052307627442225
    ],
    [
     0.0,
     0.0,
     0.0,
     1.0
    ]
   ]
  },
  {
   "file_path": "PXL_20210225_132621641",
   "transform_matrix": [
    [
     -0.9226544978968799,
     -0.28484662996792787,
     0.25994436886874467,
     2.0332221792966645
    ],
    [
     -0.3636278162902174,
     0.4182210916761375,
     -0.832385685663339,
     -3.493738647441725
    ],
    [
     0.12838803967139412,
     -0.8625274000709388,
     -0.48945172938319736,
     1.5670134158679305
    ],
    [
     0.0,
     0.0,
     0.0,
     1.0
    ]
   ]
  },
  {
   "file_path": "PXL_20210225_132624365",
   "transform_matrix": [
    [
     -0.8050092257128317,
     -0.44563729647511285,
     0.3916216879943952,
     2.8206480191502754
    ],
    [
     -0.5619798125206157,
     0.3612843796700722,
     -0.7440781459804506,
     -2.837988789034657
    ],
    [
     0.1901021747285407,
     -0.8190732549636592,
     -0.5412764230656235,
     1.3865692614943286
    ],
    [
     0.0,
     0.0,
     0.0,
     1.0
    ]
   ]
  },
  {
   "file_path": "PXL_20210225_132627168",
   "transform_matrix": [
    [
     -0.6249288702685094,
     -0.5795264194658197,
     0.5230803344095923,
     3.4257441412986105
    ],
    [
     -0.74824531000385,
     0.25350060501223537,
     -0.6130794396452001,
     -2.0626425700303535
    ],
    [
     0.22269455126285986,
     -0.774523448579549,
     -0.5920477720913037,
     1.175859489807483
    ],
    [
     0.0,
     0.0,
     0.0,
     1.0
    ]
   ]
  },
  {
   "file_path": "PXL_20210225_132630559",
   "transform_matrix": [
    [
     -0.4034122950581419,
     -0.6952867468917785,
     0.5948401968533816,
     3.6629294540049537
    ],
    [
     -0.874783505160586,
     0.10240510303699404,
     -0.47356838362684306,
     -1.1817668479694756
    ],
    [
     0.2683511492333891,
     -0.7113997009196941,
     -0.6495368551795111,
     0.8988135888247291
    ],
    [
     0.0,
     0.0,
     0.0,
     1.0
    ]
   ]
  },
  {
   "file_path": "PXL_20210225_132633381",
   "transform_matrix": [
    [
     -0.07108527581961777,
     -0.7691856292222412,
     0.6350593290076397,
     3.593794458988271
    ],
    [
     -0.947910499842708,
     -0.14609690185950777,
     -0.28305720191332495,
     -0.12316339027218313
    ],
    [
     0.31050373242458185,
     -0.6221006052601445,
     -0.7187337957028079,
     0.4996027252170571
    ],
    [
     0.0,
     0.0,
     0.0,
     1.0
    ]
   ]
  },
  {
   "file_path": "PXL_20210225_132635887",
   "transform_matrix": [
    [
     0.22207876700461668,
     -0.742801875686628,
     0.6316062022511625,
     3.3403837080772396
    ],
    [
     -0.9283104818851431,
     -0.3591918054579076,
     -0.09602549720809754,
     0.8926480620398449
    ],
    [
     0.2981956915649232,
     -0.5650014339524422,
     -0.7693196404380959,
     0.15024219046055692
    ],
    [
     0.0,
     0.0,
     0.0,
     1.0
    ]
   ]
  },
  {
   "file_path": "PXL_20210225_132638670",
   "transform_matrix": [
    [
     0.5685474370788984,
     -0.6470869109996893,
     0.5079688390087486,
     2.7837359988254082
    ],
    [
     -0.7904431101261082,
     -0.6007895584694177,
     0.11938004895411539,
     1.9102975627742995
    ],
    [
     0.22793310739157852,
     -0.4693936898244395,
     -0.8530627541440413,
     -0.1291371182248216
    ],
    [
     0.0,
     0.0,
     0.0,
     1.0
    ]
   ]
  },
  {
   "file_path": "PXL_20210225_132641709",
   "transform_matrix": [
    [
     0.791246584661942,
     -0.48341092071496045,
     0.37448995179353833,
     2.0811337013785596
    ],
    [
     -0.5889841987267815,
     -0.7671244267490037,
     0.2542001721777226,
     2.7557638615091564
    ],
    [
     0.16439725031454563,
     -0.42170368224444876,
     -0.8917059764689758,
     -0.43597773390680206
    ],
    [
     0.0,
     0.0,
     0.0,
     1.0
    ]
   ]
  },
  {
   "file_path": "PXL_20210225_132645104",
   "transform_matrix": [
    [
     0.934106857132709,
     -0.29086721954534994,
     0.2069798059029183,
     1.2195055351891257
    ],
    [
     -0.345072511009987,
     -0.8842440241630253,
     0.31470218918406245,
     3.1010465318834894
    ],
    [
     0.09148410573927543,
     -0.3653885142227875,
     -0.92634868816831,
     -0.5757506103204293
    ],
    [
     0.0,
     0.0,
     0.0,
     1.0
    ]
   ]
  },
  {
   "file_path": "PXL_20210225_132648577",
   "transform_matrix": [
    [
     0.9993942203539036,
     -0.011194547278158336,
     0.032952608917206194,
     0.28167748924726943
    ],
    [
     -0.022052575230635835,
     -0.9362010039315167,
     0.35077252481247334,
     3.3356267469987464
    ],
    [
     0.02692352593755889,
     -0.35128672384372456,
     -0.9358807410147045,
     -0.5792765092166896
    ],
    [
     0.0,
     0.0,
     0.0,
     1.0
    ]
   ]
  },
  {
   "file_path": "PXL_20210225_132705215",
   "transform_matrix": [
    [
     0.997859862900739,
     -0.026913200609151783,
     0.0595934026943397,
     0.6547179670547287
    ],
    [
     -0.03677248436293053,
     -0.9845687825075404,
     0.17109090246239766,
     2.4086309956265177
    ],
    [
     0.0540692001558763,
     -0.17291614194340332,
     -0.9834513355778784,
     -1.6700413326684833
    ],
    [
     0.0,
     0.0,
     0.0,
     1.0
    ]
   ]
  },
  {
   "file_path": "PXL_20210225_132707090",
   "transform_matrix": [
    [
     0.9789692328589893,
     0.18865608620847443,
     -0.07764098306939732,
     -0.15544966751242092
    ],
    [
     0.200285893760462,
     -0.9611500025270503,
     0.1899374460258533,
     2.206422397194283
    ],
    [
     -0.03879177588168304,
     -0.20149330951362043,
     -0.9787214334759372,
     -1.6820351109346054
    ],
    [
     0.0,
     0.0,
     0.0,
     1.0
    ]
   ]
  },
  {
   "file_path": "PXL_20210225_132709589",
   "transform_matrix": [
    [
     0.9249036695788433,
     0.33854942013714323,
     -0.17302454197134576,
     -0.8790716206296887
    ],
    [
     0.3644382142056512,
     -0.9191132316259957,
     0.14971858761227516,
     2.0174580795405053
    ],
    [
     -0.10834200490200349,
     -0.20153202617654284,
     -0.973471546784492,
     -1.539935016516429
    ],
    [
     0.0,
     0.0,
     0.0,
     1.0
    ]
   ]
  },
  {
   "file_path": "PXL_20210225_132711780",
   "transform_matrix": [
    [
     0.8103264281644017,
     0.5237181765982852,
     -0.26285043526479085,
     -1.6711594084826646
    ],
    [
     0.5650131381892068,
     -0.8172312694908015,
     0.1135482533552911,
     1.8664233436903104
    ],
    [
     -0.15534231069450155,
     -0.24052509986905798,
     -0.958131746077267,
     -1.4632538816140244
    ],
    [
     0.0,
     0.0,
     0.0,
     1.0
    ]
   ]
  },
  {
   "file_path": "PXL_20210225_132714388",
   "transform_matrix": [
    [
     0.5986936955555612,
     0.6898315413008412,
     -0.40706056493908926,
     -2.1884516638893907
    ],
    [
     0.7686599974031385,
     -0.6377152539143585,
     0.049810273208970295,
     1.32749161103715
    ],
    [
     -0.22522803398829347,
     -0.34271226933311116,
     -0.9120420128230482,
     -1.2509890170707334
    ],
    [
     0.0,
     0.0,
     0.0,
     1.0
    ]
   ]
  },
  {
   "file_path": "PXL_20210225_132717135",
   "transform_matrix": [
    [
     0.3756826014464716,
     0.7836933466803395,
     -0.4946587928455138,
     -2.7636176885117147
    ],
    [
     0.8923472922695106,
     -0.44997602791184044,
     -0.035183579749014544,
     0.9042923493089746
    ],
    [
     -0.2501577361379901,
     -0.42818957562468973,
     -0.8683748006343021,
     -1.0768236053575477
    ],
    [
     0.0,
     0.0,
     0.0,
     1.0
    ]
   ]
  },
  {
   "file_path": "PXL_20210225_132719700",
   "transform_matrix": [
    [
     0.19933553625147704,
     0.8072341099784446,
     -0.5555523698758245,
     -3.070386429314947
    ],
    [
     0.9444678859537489,
     -0.309400554773414,
     -0.11068743879935074,
     0.37247238166243724
    ],
    [
     -0.2612388875902523,
     -0.5026374323438441,
     -0.82408121882336,
     -0.9241127281650234
    ],
    [
     0.0,
     0.0,
     0.0,
     1.0
    ]
   ]
  },
  {
   "file_path": "PXL_20210225_132722029",
   "transform_matrix": [
    [
     -0.014489597853301141,
     0.8247425008595938,
     -0.5653227917127632,
     -3.0598640704864235
    ],
    [
     0.9613897448446347,
     -0.14389703317159153,
     -0.23457067666693024,
     -0.4179897857286713
    ],
    [
     -0.27480867901435924,
     -0.5468943692526707,
     -0.7908139723209916,
     -0.7476791914643515
    ],
    [
     0.0,
     0.0,
     0.0,
     1.0
    ]
   ]
  },
  {
   "file_path": "PXL_20210225_132724286",
   "transform_matrix": [
    [
     -0.27252604567209643,
     0.7875521619225048,
     -0.552712535303406,
     -2.952127399236926
    ],
    [
     0.9210328093551508,
     0.047403244224389664,
     -0.38658957115830367,
     -1.1249334158479551
    ],
    [
     -0.27825908524554716,
     -0.6144221062821481,
     -0.7382799989097087,
     -0.5022602080755866
    ],
    [
     0.0,
     0.0,
     0.0,
     1.0
    ]
   ]
  },
  {
   "file_path": "PXL_20210225_132726992",
   "transform_matrix": [
    [
     -0.5093407431153821,
     0.7068422145177439,
     -0.4908625990827996,
     -2.6005722301622107
    ],
    [
     0.8263514533588917,
     0.24248974584071137,
     -0.5082735471119402,
     -1.818513153713274
    ],
    [
     -0.24024005272709353,
     -0.6645094483434817,
     -0.707609998606524,
     -0.27073351758907027
    ],
    [
     0.0,
     0.0,
     0.0,
     1.0
    ]
   ]
  },
  {
   "file_path": "PXL_20210225_132732045",
   "transform_matrix": [
    [
     -0.6052200244554045,
     0.649327942648104,
     -0.4605235552005783,
     -2.1436110538876423
    ],
    [
     0.7650024824207786,
     0.31439787430043203,
     -0.5620722182472783,
     -2.3968534272021493
    ],
    [
     -0.22018157027382182,
     -0.6924790246150061,
     -0.6870173772038112,
     -0.08525253383329538
    ],
    [
     0.0,
     0.0,
     0.0,
     1.0
    ]
   ]
  },
  {
   "file_path": "PXL_20210225_132734956",
   "transform_matrix": [
    [
     -0.8261615466289901,
     0.44741063493721256,
     -0.34246287772059986,
     -1.5936520516275405
    ],
    [
     0.547712799109434,
     0.49515702016457414,
     -0.6744110134580006,
     -3.051997917677939
    ],
    [
     -0.13216576169077587,
     -0.7447437472895083,
     -0.6541322208161573,
     0.10177205392043726
    ],
    [
     0.0,
     0.0,
     0.0,
     1.0
    ]
   ]
  },
  {
   "file_path": "PXL_20210225_132737654",
   "transform_matrix": [
    [
     -0.9582124049247355,
     0.21844612791195736,
     -0.1846896755333861,
     -0.7369631785780187
    ],
    [
     0.28285761446211405,
     0.6272446485209994,
     -0.7256415925528042,
     -3.104052307675931
    ],
    [
     -0.042667985529630144,
     -0.7475596565505931,
     -0.6628227537651392,
     0.2662593789491339
    ],
    [
     0.0,
     0.0,
     0.0,
     1.0
    ]
   ]
  },
  {
   "file_path": "PXL_20210225_132740184",
   "transform_matrix": [
    [
     -0.9971553511537118,
     0.008886496293729394,
     -0.07484808514009667,
     0.11715103059099424
    ],
    [
     0.060445631465416545,
     0.6875107902912135,
     -0.7236540878554463,
     -3.035967265989603
    ],
    [
     0.04502811679678234,
     -0.7261197858595869,
     -0.6860922133947904,
     0.23409211188699583
    ],
    [
     0.0,
     0.0,
     0.0,
     1.0
    ]
   ]
  },
  {
   "file_path": "PXL_20210225_132742775",
   "transform_matrix": [
    [
     -0.9674572707227653,
     -0.23691053830827913,
     0.08888096626466005,
     1.0548421150945158
    ],
    [
     -0.2284149051851788,
     0.6665412597765358,
     -0.7096121335664677,
     -2.766015798368098
    ],
    [
     0.10887176132911608,
     -0.7068211554940828,
     -0.6989640861525761,
     0.20827892799449316
    ],
    [
     0.0,
     0.0,
     0.0,
     1.0
    ]
   ]
  },
  {
   "file_path": "PXL_20210225_132745606",
   "transform_matrix": [
    [
     -0.8636317388789221,
     -0.4638898687620943,
     0.19734844630970685,
     1.6861202664773398
    ],
    [
     -0.4676712425998022,
     0.5910900425209387,
     -0.6571880784659373,
     -2.2606154012015303
    ],
    [
     0.18821218995093084,
     -0.6598626760868362,
     -0.727432072609803,
     -0.005707034052875818
    ],
    [
     0.0,
     0.0,
     0.0,
     1.0
    ]
   ]
  },
  {
   "file_path": "PXL_20210225_132748522",
   "transform_matrix": [
    [
     -0.6618903608598372,
     -0.6881481174203682,
     0.2972428614645567,
     2.264394808347079
    ],
    [
     -0.7023044094942205,
     0.4306672895363308,
     -0.566828194542583,
     -1.6367463937214244
    ],
    [
     0.2620489774943011,
     -0.5839330905285582,
     -0.7683439849312009,
     -0.24028104792789198
    ],
    [
     0.0,
     0.0,
     0.0,
     1.0
    ]
   ]
  },
  {
   "file_path": "PXL_20210225_132751318",
   "transform_matrix": [
    [
     -0.32133599698923676,
     -0.8737676638598755,
     0.36506608529386664,
     2.6104241397034205
    ],
    [
     -0.8918710661916679,
     0.14967056551389218,
     -0.42680759495220894,
     -1.0633842092974435
    ],
    [
     0.31829102772316786,
     -0.46274052276800576,
     -0.8273826383598597,
     -0.42872522022761717
    ],
    [
     0.0,
     0.0,
     0.0,
     1.0
    ]
   ]
  },
  {
   "file_path": "PXL_20210225_132754000",
   "transform_matrix": [
    [
     0.037363319438329115,
     -0.9054883461971237,
     0.4227231212765002,
     2.758809585688231
    ],
    [
     -0.9389809432703904,
     -0.17655748011446762,
     -0.2951986524201574,
     -0.3111482953524041
    ],
    [
     0.34193386865824926,
     -0.38589935361027344,
     -0.8568330749612649,
     -0.731173237759478
    ],
    [
     0.0,
     0.0,
     0.0,
     1.0
    ]
   ]
  },
  {
   "file_path": "PXL_20210225_132756682",
   "transform_matrix": [
    [
     0.41969089519487085,
     -0.8213915623106991,
     0.38623238322972997,
     2.55261726512636
    ],
    [
     -0.8568719645530803,
     -0.49889721721396224,
     -0.12989227467062647,
     0.46487271199322483
    ],
    [
     0.29938267961502524,
     -0.2764370959566636,
     -0.9132100213672503,
     -1.0170768311848075
    ],
    [
     0.0,
     0.0,
     0.0,
     1.0
    ]
   ]
  },
  {
   "file_path": "PXL_20210225_132759430",
   "transform_matrix": [
    [
     0.7459151459164074,
     -0.5982445964880923,
     0.2927695302884241,
     2.116970578735668
    ],
    [
     -0.6280373942847315,
     -0.7781175697254074,
     0.010103418464586757,
     1.477510279865111
    ],
    [
     0.22176479989518053,
     -0.19140650578657342,
     -0.9561296580851496,
     -1.3642689581903769
    ],
    [
     0.0,
     0.0,
     0.0,
     1.0
    ]
   ]
  },
  {
   "file_path": "PXL_20210225_132802193",
   "transform_matrix": [
    [
     0.9340064481184392,
     -0.30342529646034677,
     0.1885869675802863,
     1.386056321409558
    ],
    [
     -0.32250351738021155,
     -0.9432084604794359,
     0.07968237796027519,
     1.885349578220428
    ],
    [
     0.15369917420262522,
     -0.13524381519301792,
     -0.9788185093782544,
     -1.4648048786086851
    ],
    [
     0.0,
     0.0,
     0.0,
     1.0
    ]
   ]
  },
  {
   "file_path": "PXL_20210225_132805931",
   "transform_matrix": [
    [
     0.9978959219975332,
     -0.04984703036372266,
     0.04146085412303179,
     0.6189240536575306
    ],
    [
     -0.05449896021529047,
     -0.9912878879891578,
     0.11990907580932793,
     1.999010804657137
    ],
    [
     0.03512253117509325,
     -0.12191635119996445,
     -0.9919187522745709,
     -1.5170718008265498
    ],
    [
     0.0,
     0.0,
     0.0,
     1.0
    ]
   ]
  },
  {
   "file_path": "PXL_20210225_132817222",
   "transform_matrix": [
    [
     0.9996566038723973,
     0.000708421252530798,
     0.026194894037469326,
     0.4216881245670058
    ],
    [
     0.0011174216399258618,
     -0.9998776506798908,
     -0.015602404934526562,
     0.8104620575380745
    ],
    [
     0.0261806360347473,
     0.015626317870543787,
     -0.9995350881718084,
     -2.040668651861071
    ],
    [
     0.0,
     0.0,
     0.0,
     1.0
    ]
   ]
  },
  {
   "file_path": "PXL_20210225_132819564",
   "transform_matrix": [
    [
     0.946120975437987,
     0.3117764300711374,
     -0.08746746531350434,
     -0.3870921476996173
    ],
    [
     0.30819751219133845,
     -0.9498917398767069,
     -0.05215338908519764,
     0.6206667921049114
    ],
    [
     -0.09934482027434412,
     0.022386160146379844,
     -0.994801219600458,
     -1.9493994404594988
    ],
    [
     0.0,
     0.0,
     0.0,
     1.0
    ]
   ]
  },
  {
   "file_path": "PXL_20210225_132821934",
   "transform_matrix": [
    [
     0.797171057954775,
     0.586474231403437,
     -0.1434094845504037,
     -0.9216335002349115
    ],
    [
     0.5818649295734982,
     -0.8096607598254133,
     -0.07669848584791318,
     0.5395647418180441
    ],
    [
     -0.161094717764713,
     -0.02230313652118205,
     -0.9866869118467239,
     -1.8202436330006684
    ],
    [
     0.0,
     0.0,
     0.0,
     1.0
    ]
   ]
  },
  {
   "file_path": "PXL_20210225_132824405",
   "transform_matrix": [
    [
     0.552933103679173,
     0.7854435646597635,
     -0.278106795296844,
     -1.6236046234802541
    ],
    [
     0.7969575976780365,
     -0.5959388846773515,
     -0.09856689724632278,
     0.15885782712586066
    ],
    [
     -0.24315338854099805,
     -0.16713842306327495,
     -0.9554795535106716,
     -1.6037146785776595
    ],
    [
     0.0,
     0.0,
     0.0,
     1.0
    ]
   ]
  },
  {
   "file_path": "PXL_20210225_132826794",
   "transform_matrix": [
    [
     0.2546957857846234,
     0.9076268128187269,
     -0.33368192242923905,
     -2.1180005372819313
    ],
    [
     0.9263481320473782,
     -0.32801984898691433,
     -0.18515430570995273,
     -0.3991366579788372
    ],
    [
     -0.27750530617609087,
     -0.261947604156101,
     -0.924323675841419,
     -1.4113657624601403
    ],
    [
     0.0,
     0.0,
     0.0,
     1.0
    ]
   ]
  },
  {
   "file_path": "PXL_20210225_132829741",
   "transform_matrix": [
    [
     -0.052078326976916625,
     0.9048386778780891,
     -0.42255746931644306,
     -2.1850630562740845
    ],
    [
     0.9618106002621799,
     -0.0684105312892848,
     -0.2650289954552566,
     -1.0522398674827016
    ],
    [
     -0.268715866823286,
     -0.4202225198921985,
     -0.8667207258932146,
     -1.2029186239565859
    ],
    [
     0.0,
     0.0,
     0.0,
     1.0
    ]
   ]
  },
  {
   "file_path": "PXL_20210225_132832096",
   "transform_matrix": [
    [
     -0.4095402118550964,
     0.8138132469162063,
     -0.4122921464415549,
     -1.8519857325774773
    ],
    [
     0.8771526830456969,
     0.2270394467501089,
     -0.4231503990842254,
     -1.5319612911487381
    ],
    [
     -0.2507588193851164,
     -0.5349402665374017,
     -0.8068202561521842,
     -1.0492996509566186
    ],
    [
     0.0,
     0.0,
     0.0,
     1.0
    ]
   ]
  },
  {
   "file_path": "PXL_20210225_132834659",
   "transform_matrix": [
    [
     -0.7076443072906473,
     0.6162953688508219,
     -0.34557134240583226,
     -1.385896538769143
    ],
    [
     0.6863362314183858,
     0.4833564204592867,
     -0.5434235440641055,
     -2.0308409714957563
    ],
    [
     -0.1678752864526151,
     -0.6217287102376842,
     -0.7650302602280762,
     -0.8412157865687636
    ],
    [
     0.0,
     0.0,
     0.0,
     1.0
    ]
   ]
  },
  {
   "file_path": "PXL_20210225_132836855",
   "transform_matrix": [
    [
     -0.8764425685338276,
     0.3980487243174123,
     -0.2709347469984383,
     -0.9494274724993348
    ],
    [
     0.47544188193108744,
     0.6263834449781611,
     -0.6177368345526412,
     -2.5858730537647676
    ],
    [
     -0.07618031876838693,
     -0.6702245839467335,
     -0.7382381499934659,
     -0.6852449438175131
    ],
    [
     0.0,
     0.0,
     0.0,
     1.0
    ]
   ]
  },
  {
   "file_path": "PXL_20210225_132839338",
   "transform_matrix": [
    [
     -0.9730937494155897,
     0.17564626784287388,
     -0.14912056679472208,
     -0.29924538656384614
    ],
    [
     0.22960452999676564,
     0.6851657784371762,
     -0.6912522085776962,
     -2.9765840720286323
    ],
    [
     -0.019243561345917426,
     -0.706891961088431,
     -0.7070597150844319,
     -0.5469964052353713
    ],
    [
     0.0,
     0.0,
     0.0,
     1.0
    ]
   ]
  },
  {
   "file_path": "PXL_20210225_132841892",
   "transform_matrix": [
    [
     -0.989755014580522,
     -0.14271418463416025,
     0.004203881172972802,
     0.5574659688533922
    ],
    [
     -0.1061290016126658,
     0.7156945245060715,
     -0.6903028194993313,
     -2.7383326797864287
    ],
    [
     0.09550730929833816,
     -0.6836768308903223,
     -0.7235083584688963,
     -0.5496610800935778
    ],
    [
     0.0,
     0.0,
     0.0,
     1.0
    ]
   ]
  },
  {
   "file_path": "PXL_20210225_132844353",
   "transform_matrix": [
    [
     -0.8602724256096638,
     -0.48929970644635257,
     0.1432380920257541,
     1.2299006999284152
    ],
    [
     -0.4575033052843345,
     0.6168925032772757,
     -0.6404173366283934,
     -2.3169751306305866
    ],
    [
     0.22499350966099962,
     -0.6164652761281928,
     -0.7545518431086208,
     -0.7030041460170148
    ],
    [
     0.0,
     0.0,
     0.0,
     1.0
    ]
   ]
  },
  {
   "file_path": "PXL_20210225_132846687",
   "transform_matrix": [
    [
     -0.6525270289780732,
     -0.7172821970543142,
     0.24436596784737527,
     1.8752970122186352
    ],
    [
     -0.7000191483161252,
     0.4471209614321467,
     -0.5568267574737759,
     -1.743880484613844
    ],
    [
     0.2901407734942043,
